
Level 1:

110000000011110111000000000000
110110000011000000000000000000
000000000010000010000000000000
000111100000000000000000000000
001100000100001100010000000000
011100000000001000010000000000
111111000000001000000000001000
111111000001000000000000001000
111111000001000000000000000100
111111000001000000000000000110
111111010000000000000000000000
111110001000011111000000000000
111111011100111111000001110000
111111011100111111100000000000
111111011110111111111100111001
111111011111111111111111110000
100011011111111111111111110000
101000011111111111111111100000
100010011111111111111111100000
100000011111111111111111110000
100000011111111111111111110000
000000111111111111110011000000
000001111111111111000000000000
000001111111111100000111100000
000001111111111101010111111000
111041111111111000011211111000
111111111111000000010001110000
111111111111100000000001100000
111111111111100000000000100000
111111111111100000000000000100

Level 2:

111100011111000000000111100000
111100000011000000000000110000
110000000111000000000000111000
100000011110000000000001110000
100001111110000100000000000000
111001111100011100000001000000
111100001100011100000001000000
111111000000011100000000000000
111111000000111100000000000000
111111100011101000000000000000
111011000111100000000010000000
111000000111100000000010000000
111011110111110000000000000000
111001111111110000000000000000
111101111111111000000000000001
000001111111100000000110000001
000001100111110000000110000001
100100000111110001110010000001
111000000111111110111010000111
111110110411111100001000100111
111111111111111111011011110111
111111111111111111000011111111
111111111111111111111211111111
111111111111111111111111111111
111111111111111111111111111111
111111111111111111111111111111
111111111111111111111111111111
111111111111111111111111111111
111111111111111111111111111111
111111111111111111111111111111

Level 3:

111111111100000000001000000011
111111111100000001121100000011
111100111000000000000000000011
111100111000000000000000001011
111100111000000011110000001001
111101111100000001111000011000
111101111111000001111000000000
111100111110000001111000000001
111001111110000011111111110001
111101111111000001111111110000
111100001111001011111111100000
111100001111000011111111100000
100100111111110111111110000000
100000111111110000111010000000
000001001111111110010000000000
000000000111111110001000010000
000000000000010011100000000000
001000000110000001100000000000
111000111111110001100000000100
110000001111110000000000000111
110000001111111110000000011111
110000001111111110000000011111
001100000111111111100000001111
000000000111111111100000011111
000000001111111110000000011111
000011001111111110000000001111
000011001111111110000000001111
100000111111111100001100001111
100001111111111100011111000111
100001111111111100011111041111

Level 4:

111111110111111111111100400111
111111000011111111111100000011
111000000000011111111100000011
110010000000111111111100000111
111011000000111110111110000001
111000011100110010101010000001
111011111100000000000000000111
111111111100000000000000000111
111111000111000000110100000000
111111000000000000100000000000
111110000100101100111100000000
110000000000100000111110000000
100000000000110000111100000000
000110000000011001111100011001
011111000010001011111100000000
111111100010000011111000100000
000011000011111111110000100111
000000010111111110100100111111
000000010111001000000100111111
000011111000000000000000110001
000010000000000000000000000000
000000000000000000000000000000
000000000000000000000000000000
000000001000000000000000000000
000000111100001001011000000000
000111111100001111000000000000
000111111100001111111100000000
000111111100011111111100000000
000011111110001111111111000000
200011111111001111111111000000

Level 5:

111111111111111111111111111111
111111111111111111111111111111
111111111111111111111111111111
111111111111111111111111111111
111111111111111110001111111111
111111111111100000101111111111
111111111111100001101001111111
111111111111100010000001111111
111111111111120010000000111111
111111111111101010000000111111
111111111111101000110001111111
110111111111100000111111111111
000001000110010000011111111111
100011000000000000011111111111
000010000000000000111111111111
000000000000000000111111111111
000000000000000000111111111111
000000000000000100111111111111
000000000000000100001111111111
000000000100111100001110111111
000000000011111110001110011111
000000000010000000011110010000
000000001100000000000100000001
000001011100000000000100001411
000011001000000000000011011011
000111000000000000000000000011
000011100000000000000000000111
111110000000000000000000000011
111110000000000000000000000111
111111000000000000000001110111

Level 6:

111111111111111111100000000000
111111111111111110000000000000
111111111100111110100000000001
111111110000010000110000000000
111111110011000000110000010000
111111110011110011110000111000
111111110011111111111111111100
001111110000111111110011111100
000000011001111111110001111101
000000000000111111101000001101
000000000000011111100000000121
000000000001001111100100001111
000000000101001111110000011111
000000010001010001100000001111
000000011100010001100000000111
000000111111100000000000000111
000000111111000000000000000111
100000111111000000000001001111
111100111100000000000001001111
111001111000000000000001011111
110000011000000000000000011111
110000111100000110000011111111
000000111100011110000000101111
000000011000011110100000001011
000000100001111111100000000011
000000001001111111111000000011
000001111111111111111100000001
000001111111111111111100000001
000001111111111111111110001101
000004111111111111111110001111

Level 7:

111111111111112011000111000000
111111111111100010000001010000
111111111111100000000100000000
111111111111100111100000000000
111111111111111111111110000000
111111111111111111111000000000
111111111111111111111000011111
111111111111101101111000011111
111111111111001001000011111111
111111111000000000011111111111
111111111100011111001111111111
111111111100111111001111111111
111111111111111110011111111111
111111111111100110111111111111
111111111111100010111111111111
111111111110000010111111111111
111111111110100000111111111111
000111111110000101111111111111
000100101100000011101111111111
000000001000000111100011111111
000000000000001111100111111111
000000000000001111000001111111
000000000000001111100000111111
000000000000011111100001111111
000000000000001110000001111111
000000000000000000000001111111
000000000000000000000000000111
000000000000000000000001000011
000000000000000000000000000011
000000000000000000110000100041

Level 8:

110011000000000000111111111111
110000000000000000001111111111
110001000000000000000111111111
111001000000000000010000111111
111000001100001100000000001111
111100001000001101000000011111
111110010000111000000000111111
111110000000111100000000000111
111110000001110000010000000111
000000000000100001000110000111
000000000000100000000110000111
000000000000100000001110000111
000000110100100000000011111111
000000000001000000000001111111
000000010010000000000000111111
000000110010000000000000011111
111111110110000100000000011111
111111000010000000000000111111
111110000010000000000000011111
111110000010000000000111011111
110010000010001000000011011111
010000011111100000000011001111
000011111111100100000110001111
110000011111110000001100011111
110000011411111011111000111111
111000010000011111100000011111
110000010110011110000000011111
110000011110000000000000011111
111001111110000000000010111111
111211111111111111100000111111

Level 9:

111111111111111111100000000001
111111111111111000000000000111
111111111101011000000000001111
111111111100000100000000001111
111111111100000000000000001111
111111111111001000100000001011
111111111111001000010000000000
111111111110011000000000001110
111111111110111110100000000000
111111111100100000000000000000
111111111000000100000000000000
111111110000110110000000000000
000000000000111111100000000000
001111000000111111100000000000
000011111000111111110000000000
000000000011111111100000000000
000001111111111111110000001000
000011111111111111111000000000
001000111111111111100000000110
000001111111111111100000000011
001111111111111111110000001000
100111111111121111100000000000
114111111111101111110000000000
111111111101100111111001000000
111111111000000111101000000000
111111111110000111100000000000
111111111110000001000000000000
111111111111010100100100010000
111111111111001110000111000000
111111111000001111111111000000

Level 10:

111111110000111111111111000000
111111110000111111111111000000
111111110000011111111000000011
111111000000011111100000000111
111100000000111111110000000011
101001000000111111111000000011
100001000011111111101000000001
111110000011111111000000000000
111110000011111111000000000000
111110000111111011110000001101
110000000111110001100000000001
000111000110110001001000000011
000111010110000000000000000011
001110011110100001000000011111
001111010110111111000000011111
000111000000110010000000001111
000110000011110011000000000001
000001111111010011000000001001
000000001000010011000000000001
000000001100000011000000000111
000000001100000011100011000100
000000001110000011101011001000
000000011110000011000001001000
000001011110000111000000000100
000000000100000111110100000000
001101000100110000011100000000
000000001000111111111111100000
000000000000111111111111111000
000000000001111111111111111114
200000000011111111111111111111

