
Level 1:

40111
01111
11111
10111
10121
10101
00001
00000
00000
00000



Level 2:

00001
00001
01011
01011
00111
00101
10100
00000
00000
00000

Level 3:

11000
10010
10001
10000
10000
00000
01000
00111
11111
11111

Level 4:

11111
11111
00011
00011
00011
10011
00011
00001
10011
11111

Level 5:

11111
11111
00111
00101
00000
00000
11001
10001
10001
10000

Level 6:

01111
00111
00110
00000
00000
01000
00010
00000
00000
10000

Level 7:

11110
11100
10000
10000
00000
00100
00001
11100
00000
00110

Level 8:

00001
00000
00000
11000
11100
01110
01110
00010
01000
00000

Level 9:

00001
00101
00000
11000
11111
11111
11100
10000
00111
00001

